16
19
606 357 23 7 360 615 526 547 955 587 772 787 765 48 837 58 791 539 753 
25
498 365 60 245 925 102 399 362 109 441 375 520 495 970 301 847 730 582 622 180 1 858 308 541 767 
21
460 854 963 660 441 892 535 36 929 664 299 250 494 878 375 946 496 471 721 834 746 
18
484 281 346 228 842 478 300 271 754 996 313 883 141 885 372 167 190 981 
27
159 121 112 586 375 318 558 35 339 765 309 540 191 251 312 784 386 654 24 212 384 926 392 402 81 13 501 
30
660 264 221 488 24 390 879 57 284 992 764 646 276 594 380 389 879 2 356 858 320 30 534 421 178 962 2 569 583 826 
18
559 930 197 94 787 828 131 367 276 692 96 364 122 938 969 726 675 622 
28
404 87 964 657 674 517 763 879 898 485 30 84 931 583 195 372 711 276 106 391 161 364 40 500 6 783 717 905 
25
1000 578 42 224 519 223 712 340 846 140 100 1 958 799 853 497 690 21 509 32 108 668 11 932 815 
22
949 579 86 972 211 908 947 956 76 665 873 273 931 586 894 197 458 6 556 767 914 118 
21
561 274 258 500 520 86 584 647 148 362 818 549 337 951 512 12 388 348 349 399 258 
23
398 903 406 192 385 982 321 614 26 526 391 201 972 498 175 969 718 859 388 531 235 757 178 
26
159 211 90 635 751 944 826 243 920 95 358 183 690 6 44 319 78 983 903 770 766 519 185 804 557 826 
21
426 423 199 600 411 937 703 934 817 348 420 592 392 758 840 535 951 554 996 327 653 
15
210 144 30 777 508 534 294 557 214 534 884 517 121 443 611 
21
170 375 181 470 875 213 513 450 25 535 423 384 382 459 497 444 727 748 508 220 776 
