20
27
379 65 233 810 317 28 842 93 434 865 207 878 745 333 127 102 346 394 122 590 944 180 562 269 281 376 283 
22
833 583 159 710 379 330 150 386 450 222 572 708 591 370 738 609 188 814 194 26 73 158 
27
131 428 359 679 765 142 202 238 622 812 399 534 238 867 387 849 758 152 757 669 885 910 309 366 243 969 759 
28
401 379 231 58 768 365 324 7 850 329 530 28 86 213 914 618 911 267 853 906 391 222 354 629 24 151 900 474 
18
553 663 683 221 786 316 713 615 75 75 274 765 546 512 695 705 174 289 
17
480 658 288 977 814 270 524 645 973 426 692 222 428 676 815 602 158 
18
757 627 383 846 99 904 734 80 941 287 920 29 708 297 842 473 50 727 
23
566 268 604 797 734 184 618 91 274 294 514 866 738 772 734 848 6 212 482 894 108 249 234 
23
83 74 405 643 728 750 899 441 655 377 554 542 892 278 911 489 322 901 604 218 852 286 821 
16
314 183 751 667 159 507 442 894 680 156 14 212 327 330 549 399 
15
204 472 938 140 982 964 758 765 764 750 534 970 798 445 813 
25
876 687 623 646 964 895 461 132 906 853 861 830 679 510 186 675 53 29 695 302 481 186 170 516 498 
24
350 443 282 248 561 618 874 659 80 572 739 423 312 254 370 272 351 844 20 461 257 143 555 825 
29
858 367 992 293 525 512 72 651 209 282 413 807 884 322 962 576 824 361 100 278 832 319 857 424 634 522 90 438 547 
20
853 849 335 103 414 63 944 237 878 403 90 823 668 789 916 852 356 790 177 765 
27
862 152 311 888 738 352 760 933 384 112 864 336 212 454 330 260 480 199 362 542 792 31 265 54 812 457 887 
24
457 224 760 659 98 775 699 499 467 966 415 303 47 102 750 890 338 520 559 883 145 448 366 48 
30
560 143 690 780 522 875 954 691 981 98 477 617 692 322 828 701 332 878 55 747 749 987 364 250 186 711 714 488 820 986 
24
613 860 634 936 662 96 57 783 891 280 866 691 419 705 581 171 278 961 110 894 404 324 556 692 
26
999 113 961 7 715 750 838 190 469 553 305 24 667 161 182 833 841 97 398 32 44 131 214 952 415 551 
