15
27
536892008 536872184 536882236 536895750 536890518 536874769 536874828 536900103 536883265 536891458 536901217 536899346 536873861 536873865 536875151 536879802 536885044 536890564 536885073 536889694 536896455 536875470 536871713 536879971 536900251 536874731 536874566 
16
536899418 536875622 536893934 536890817 536886710 536890232 536873340 536893701 536891230 536901740 536897571 536898248 536901162 536887297 536898740 536878439 
24
536885776 536883124 536889120 536886910 536898414 536872882 536900890 536880118 536885524 536887255 536876966 536891549 536876669 536878271 536888261 536878338 536900432 536880007 536882666 536895576 536882239 536893224 536887809 536885358 
30
536895491 536902831 536874465 536896153 536891837 536898012 536881296 536899632 536871756 536898671 536897616 536883908 536882514 536884056 536901089 536891238 536887978 536903636 536870945 536879565 536885057 536879340 536893824 536884216 536881448 536889407 536873396 536893717 536879079 536878082 
29
536899490 536892947 536881733 536874956 536874706 536887587 536879480 536889936 536879922 536890239 536900141 536884753 536886924 536900826 536886816 536890224 536878859 536890562 536885364 536873870 536883617 536902517 536894271 536899516 536875942 536890615 536876617 536898867 536893378 
16
536894225 536895750 536875532 536898940 536881681 536901716 536899443 536894094 536872259 536897730 536894558 536874100 536898532 536874280 536903311 536882929 
23
536885899 536872525 536896326 536891918 536895820 536877762 536873731 536882629 536891038 536896930 536884508 536888719 536879677 536871437 536895807 536897333 536890462 536892087 536874341 536897180 536881121 536871750 536887720 
21
536872142 536885499 536874580 536879387 536884991 536884885 536883264 536896874 536902938 536901490 536891231 536875307 536892355 536872440 536873874 536889223 536873231 536875315 536890304 536885146 536880187 
30
536871721 536878199 536901022 536882665 536895735 536903276 536896220 536878353 536878614 536877448 536888157 536898131 536894790 536874331 536895741 536903270 536891759 536885757 536899845 536901827 536878644 536899154 536877403 536899594 536880842 536890251 536892917 536875426 536887051 536871408 
18
536896672 536900294 536890077 536874158 536884203 536893274 536888331 536891819 536896413 536877955 536875025 536898901 536884652 536889715 536895531 536878218 536887753 536899365 
24
536877108 536880264 536879342 536876555 536890492 536881602 536873557 536891611 536875066 536901176 536871204 536899099 536899759 536900728 536891071 536884850 536896886 536873221 536880053 536886785 536871096 536891826 536897941 536887018 
15
536900687 536897283 536902931 536895246 536887431 536898058 536876839 536877200 536881417 536898740 536897758 536898446 536893414 536897496 536896127 
19
536896058 536889396 536902051 536880629 536895247 536885691 536876859 536901598 536896894 536886576 536880852 536895594 536884759 536886260 536881946 536894244 536875908 536874525 536902555 
16
536874600 536880839 536874958 536886271 536889485 536894127 536902484 536893689 536900415 536900862 536903549 536898685 536874227 536874594 536892942 536903119 
28
536894051 536877378 536895439 536876448 536895221 536898830 536888616 536884118 536889929 536890793 536896715 536876178 536894185 536880972 536887964 536875828 536874500 536877879 536899690 536893790 536872966 536876532 536894245 536889493 536898412 536877791 536901707 536887722 
