19
26
536879759 536886495 536893113 536873272 536871494 536900459 536879421 536875380 536877941 536893043 536879017 536872421 536886347 536875445 536890327 536887751 536885413 536885484 536902816 536889952 536879933 536898619 536873132 536884871 536880926 536878031 
24
536883047 536876380 536882881 536871163 536899201 536902401 536875321 536881811 536894704 536892234 536899033 536900483 536885233 536881684 536876633 536889009 536895138 536887953 536895342 536873738 536882442 536876607 536900593 536885785 
25
536887323 536896317 536888536 536871026 536881170 536899289 536885958 536881831 536871608 536894295 536897337 536877508 536901948 536889467 536893686 536876878 536874396 536892576 536872959 536871437 536874773 536874840 536874412 536901063 536883934 
18
536879869 536879183 536880405 536887170 536893743 536897471 536880634 536901499 536887437 536888833 536872795 536884000 536899977 536903060 536878671 536894843 536882187 536873868 
22
536896237 536871177 536902363 536873378 536886920 536885848 536902864 536888160 536901305 536900802 536898269 536891033 536890666 536879192 536876445 536876815 536880614 536894217 536872213 536878913 536897983 536893812 
26
536891362 536897517 536891899 536895924 536894345 536902391 536878617 536901602 536873642 536900823 536872437 536903198 536871877 536876633 536898103 536881474 536896477 536876484 536887322 536875371 536886060 536901820 536875970 536902397 536887829 536888679 
16
536883431 536894042 536891087 536899893 536892456 536883343 536879239 536887875 536888466 536875471 536890770 536875018 536872653 536889773 536880768 536874721 
15
536878189 536877786 536902467 536902764 536883573 536889792 536901597 536899833 536871422 536872401 536875492 536883829 536879119 536891467 536895404 
25
536897964 536874867 536898935 536872656 536902731 536871992 536898699 536889267 536902791 536888083 536893575 536892502 536872472 536884273 536872694 536887783 536893443 536895188 536892709 536895317 536875278 536871927 536897586 536888592 536875127 
16
536884070 536875536 536891109 536874203 536885444 536902168 536888223 536897653 536885218 536873276 536881660 536890950 536887032 536887457 536886043 536878403 
22
536899716 536883155 536899122 536878428 536900477 536878829 536889615 536896388 536882949 536873873 536889775 536879426 536902967 536885247 536901539 536876271 536896467 536875136 536892767 536879425 536886408 536887963 
27
536886815 536883827 536892555 536890874 536898484 536885475 536891633 536900074 536894403 536895327 536894151 536885451 536888634 536880874 536886677 536876115 536876553 536886405 536890855 536884273 536901428 536886518 536882686 536872944 536893223 536896968 536890054 
30
536899147 536893331 536880392 536902319 536900054 536890749 536885985 536897180 536897767 536899073 536880499 536881872 536893394 536877295 536887002 536874052 536884664 536893108 536896609 536891240 536895580 536890588 536881398 536899781 536871473 536894421 536873948 536891616 536878776 536889846 
15
536893282 536885512 536879039 536874318 536891767 536889518 536877411 536887268 536874868 536899768 536891779 536871943 536872380 536882445 536873277 
20
536900836 536898048 536883557 536881083 536894741 536885796 536877330 536875432 536887474 536878689 536896861 536891137 536902203 536876103 536884837 536900854 536881522 536895139 536878487 536871381 
27
536886352 536889644 536898174 536892361 536871248 536873202 536878103 536876151 536888859 536875088 536888833 536875764 536879415 536877444 536870922 536900643 536878857 536890928 536879332 536901954 536898539 536877333 536893654 536903625 536896639 536888606 536896689 
20
536870978 536874400 536898822 536894021 536889956 536871904 536896918 536892133 536894679 536899030 536871178 536886474 536875430 536871472 536874212 536877756 536895112 536880538 536889782 536878939 
20
536874301 536875921 536871867 536891128 536898181 536899265 536883538 536887301 536871976 536890551 536888084 536871694 536895588 536878407 536879580 536900753 536896648 536870932 536887310 536873332 
20
536881736 536885370 536871507 536880870 536892552 536892548 536897817 536879150 536888615 536886658 536874189 536898369 536890009 536894822 536899503 536871222 536885803 536883869 536894340 536901003 
