17
24
536903543 536875740 536879150 536892906 536887056 536885823 536896443 536877408 536877201 536893264 536891407 536889617 536899004 536896599 536893344 536881573 536894567 536872035 536894357 536901820 536889471 536900924 536880611 536874629 
28
536894874 536891062 536886669 536891384 536890260 536875282 536896724 536892748 536901467 536892090 536897574 536882361 536878632 536896337 536871592 536897183 536873331 536884927 536881074 536902601 536876646 536878806 536896988 536900663 536891793 536889398 536871004 536898336 
30
536903277 536883855 536876087 536872393 536902499 536891861 536880686 536897993 536888822 536887714 536891000 536893202 536896481 536899026 536875604 536879998 536896226 536887101 536887559 536871880 536902940 536886924 536894312 536896763 536894650 536893771 536876194 536902186 536888021 536902975 
21
536892002 536876439 536903161 536887615 536873693 536877473 536901803 536874746 536899960 536894123 536881723 536879749 536882023 536872810 536898454 536871399 536884264 536888503 536889415 536894545 536889525 
28
536896328 536882084 536875774 536897683 536878615 536874802 536881558 536897851 536884749 536888265 536885165 536893353 536890348 536894702 536895806 536898616 536873399 536879974 536885129 536899706 536894150 536886523 536891844 536888607 536898073 536871292 536894990 536903448 
28
536879366 536886948 536895484 536899469 536903554 536872791 536882602 536875627 536897903 536899390 536882480 536900975 536872418 536873640 536888555 536886159 536881610 536895828 536873456 536895648 536899705 536884453 536886443 536892267 536886624 536873872 536901830 536901124 
25
536892184 536878156 536901719 536882093 536883196 536881679 536887556 536894988 536890607 536881991 536893549 536894688 536886920 536892539 536873484 536889991 536891195 536900005 536883211 536878685 536889224 536894865 536894734 536901435 536872562 
21
536893524 536901438 536903219 536891944 536879102 536874186 536897838 536885917 536896942 536890574 536890149 536882927 536885588 536887881 536875692 536900785 536892997 536893197 536899293 536901862 536888974 
18
536882510 536872478 536891527 536896815 536884288 536880610 536896171 536882357 536898841 536883538 536900006 536900124 536883989 536892685 536902832 536897683 536877624 536874065 
25
536873201 536879751 536893284 536886822 536877889 536882039 536883506 536884764 536902014 536886182 536873015 536871322 536899483 536899785 536886943 536873004 536894662 536882149 536901036 536893724 536902126 536890819 536881241 536898444 536897923 
29
536893757 536880321 536900733 536871966 536893361 536877250 536877215 536882314 536895541 536885538 536890365 536874553 536878096 536897050 536877500 536888393 536888375 536876507 536902681 536873364 536898416 536872481 536876972 536876768 536884151 536882188 536886254 536883542 536900321 
27
536890618 536902966 536873599 536884442 536902288 536897736 536901381 536886479 536897631 536888214 536893996 536877039 536882052 536892888 536872084 536877158 536887630 536874032 536887982 536895990 536896324 536873879 536899801 536886671 536894569 536887703 536877771 
16
536888254 536888508 536881715 536872366 536887305 536877381 536897692 536890787 536885461 536882718 536893589 536898920 536877242 536880659 536881679 536890422 
29
536887614 536890886 536888105 536882620 536902337 536898916 536889494 536878372 536882875 536889122 536896926 536880515 536894580 536885680 536881667 536893029 536893659 536902551 536875579 536877624 536872243 536889181 536875971 536895827 536894985 536903336 536888246 536903223 536901225 
22
536890270 536876820 536884049 536899502 536879242 536891535 536894310 536871456 536883297 536876482 536891110 536902290 536902005 536879492 536902622 536900397 536887387 536882411 536896157 536881236 536893435 536897296 
23
536891015 536883171 536877586 536880751 536903560 536878305 536879454 536886016 536871612 536874960 536876333 536883963 536900819 536882866 536891214 536894854 536875692 536871935 536882469 536898561 536882034 536885309 536883956 
28
536903180 536873425 536900697 536902376 536872372 536901397 536897048 536880716 536902117 536891050 536902939 536893754 536872315 536877584 536886967 536895040 536901910 536876659 536880689 536898338 536902847 536883144 536871809 536876168 536872142 536883737 536885077 536881653 
