19
18
536879656 536889048 536875501 536883698 536872963 536901027 536897209 536873288 536876314 536893528 536893168 536890591 536901085 536902324 536890412 536893820 536872783 536882111 
17
536896402 536881256 536877476 536902693 536875446 536885944 536895424 536885484 536877907 536876622 536886009 536893332 536887199 536900824 536893521 536871656 536881357 
27
536900026 536891361 536874885 536883014 536882477 536899689 536883857 536887410 536900086 536871780 536901337 536877100 536881234 536880625 536888209 536872230 536876859 536881645 536899249 536896202 536892547 536876474 536890789 536885025 536902432 536891710 536886854 
19
536878023 536880174 536886282 536890161 536878012 536897932 536892791 536876687 536901096 536878190 536876510 536900213 536875564 536879618 536885061 536884249 536880885 536900815 536883365 
20
536893712 536876349 536900694 536898846 536874432 536896344 536900295 536883143 536879886 536888785 536884594 536884675 536871521 536887877 536880655 536875579 536887630 536898242 536892936 536902207 
16
536888456 536893998 536871344 536877565 536873996 536874666 536878941 536902352 536902211 536893238 536886380 536882891 536899356 536883085 536892156 536887200 
30
536879135 536895496 536884076 536892245 536898314 536882318 536887624 536894903 536872262 536883697 536884250 536903308 536883231 536878493 536899506 536872509 536889065 536885225 536890386 536877452 536876271 536883777 536886028 536875221 536889260 536879236 536898579 536894611 536891710 536879531 
26
536875813 536891159 536902572 536883426 536873939 536889590 536882845 536891811 536881932 536894485 536888093 536889800 536888305 536880804 536893424 536875280 536883992 536872823 536883945 536899346 536876681 536872444 536893709 536888017 536889101 536901231 
20
536897680 536901289 536882769 536902260 536883688 536877157 536894742 536873594 536880151 536900945 536894750 536883768 536899739 536875722 536875238 536883845 536894464 536890874 536879232 536876161 
21
536891550 536881984 536896632 536890790 536888076 536887737 536876041 536883526 536895348 536886247 536889223 536903659 536889958 536887214 536875679 536882847 536892564 536873859 536897595 536877492 536873434 
25
536887719 536878936 536883579 536899104 536887538 536889449 536880046 536881305 536892056 536900490 536877145 536880557 536875613 536884854 536892188 536890382 536901500 536897940 536891537 536892541 536873985 536875468 536893650 536879677 536884084 
25
536877884 536903624 536888503 536879712 536885107 536875970 536902449 536879873 536893350 536879659 536871725 536899755 536887317 536899032 536880508 536886516 536901584 536890916 536893026 536902697 536899265 536890595 536882096 536875746 536888556 
22
536903213 536871386 536876790 536876775 536885818 536871934 536900580 536888140 536880054 536892100 536895526 536872462 536875296 536872126 536873428 536887151 536895995 536885871 536875575 536888101 536884343 536874333 
26
536895502 536878669 536900967 536883715 536875040 536898795 536877145 536877838 536896671 536883409 536885182 536899033 536871570 536877115 536883446 536877589 536888183 536894720 536888200 536893946 536890934 536889786 536875449 536871052 536886356 536877607 
28
536902941 536878953 536885967 536892141 536885267 536902356 536882151 536902874 536882411 536872365 536873846 536881441 536896894 536889595 536873654 536878880 536885891 536899111 536892093 536884135 536902998 536891825 536878172 536875347 536899320 536882722 536903496 536894231 
21
536900418 536886391 536894748 536893390 536878474 536872909 536887243 536901615 536879580 536876280 536899880 536896384 536887666 536898457 536885345 536898244 536893973 536888996 536881062 536890877 536872591 
24
536895548 536887599 536879970 536895892 536894669 536894758 536873914 536879121 536884739 536879546 536879777 536882613 536876373 536898898 536902770 536903353 536889888 536874407 536886416 536888136 536884473 536890827 536902487 536872347 
17
536880489 536889427 536900451 536888571 536898894 536878256 536893031 536891099 536886568 536891890 536871022 536890015 536893070 536899815 536882783 536886179 536887617 
24
536880807 536882607 536902834 536878855 536876763 536882195 536898244 536876631 536900766 536882934 536893394 536874821 536896966 536900331 536888308 536881183 536900538 536899269 536891774 536880500 536874526 536894381 536902858 536894154 
