15
27
442 872 706 238 73 606 78 657 765 468 565 34 624 362 141 115 637 280 687 333 882 585 208 44 112 935 882 
29
592 192 84 614 648 482 648 559 7 283 36 153 461 652 979 50 590 38 964 503 880 230 123 475 819 469 359 442 737 
25
124 229 918 741 201 528 698 4 157 106 316 737 110 118 217 638 338 480 734 790 897 465 298 415 251 
21
671 759 142 935 867 421 106 348 385 258 241 988 262 223 73 321 337 688 404 125 426 
16
554 386 895 593 61 761 962 277 941 266 903 486 653 659 749 37 
20
484 42 253 466 234 348 234 532 146 662 249 238 641 119 856 299 266 401 191 326 
21
585 32 131 571 2 842 204 408 199 188 135 653 729 864 286 858 141 910 806 262 442 
25
149 785 737 57 149 190 838 185 478 371 822 510 891 380 249 484 556 556 514 553 28 142 77 458 396 
18
465 970 463 621 550 822 119 724 128 692 976 895 580 638 284 109 202 785 
21
11 412 227 683 137 94 52 895 208 975 28 171 135 551 910 440 607 185 467 885 283 
25
258 789 156 795 542 727 492 124 544 430 753 818 583 11 997 746 454 855 379 566 565 669 804 40 306 
29
180 36 521 96 406 746 561 122 487 140 50 9 649 933 484 976 630 819 225 946 409 687 606 164 383 555 917 465 347 
25
743 717 195 582 968 383 389 638 419 880 366 831 777 9 828 845 380 861 170 489 752 114 460 5 132 
28
220 133 397 279 956 913 420 283 85 560 793 825 416 631 264 32 546 339 731 591 629 251 784 317 637 225 460 818 
30
195 432 405 626 53 12 351 407 313 545 463 482 498 835 488 486 772 534 680 515 624 384 835 772 648 328 640 566 454 574 
