20
26
536885883 536879340 536871291 536900895 536881006 536887614 536877125 536887742 536880603 536892251 536873733 536902267 536880104 536891039 536899123 536883777 536885228 536888024 536893944 536873439 536871810 536903429 536872423 536882421 536890589 536876381 
23
536876564 536887899 536895635 536882548 536895009 536878172 536899161 536877576 536877818 536875348 536900387 536882643 536875356 536891423 536881965 536877490 536886789 536900757 536890559 536894815 536902165 536881759 536899504 
21
536886970 536900105 536874537 536887896 536890380 536886359 536871595 536898498 536885046 536891357 536880979 536888672 536880087 536882378 536902237 536877071 536882344 536896261 536898536 536900609 536887134 
26
536885496 536883124 536899538 536898999 536901569 536892197 536872543 536889011 536885539 536888129 536890763 536874477 536896369 536887708 536896234 536871870 536881782 536876133 536874816 536886247 536889530 536898202 536898022 536888173 536894977 536891512 
30
536893608 536876821 536889398 536892298 536897942 536871621 536894194 536872490 536890485 536885294 536884716 536888293 536897168 536883769 536881138 536879514 536884569 536872037 536875803 536896343 536899000 536890567 536880824 536878714 536880547 536872783 536901000 536889110 536886255 536880716 
26
536882328 536900197 536876082 536898521 536881578 536899097 536871579 536890708 536873815 536875511 536881805 536891419 536900464 536897439 536895995 536893921 536885807 536873587 536881806 536881725 536875803 536889581 536878501 536880803 536901931 536899639 
25
536879763 536880686 536901109 536892487 536901648 536877418 536900709 536884936 536872020 536899972 536882347 536880771 536894658 536878496 536871782 536878950 536891420 536881608 536882055 536888176 536872950 536881810 536900451 536888179 536895083 
28
536897543 536888600 536886286 536889245 536888011 536898083 536875555 536888824 536892714 536894712 536888592 536899375 536897232 536872542 536877838 536882913 536885749 536891524 536871716 536899404 536881642 536877890 536889430 536891317 536877041 536888736 536872218 536877578 
17
536899740 536898315 536886215 536879531 536895272 536883937 536888854 536873096 536876915 536889505 536885562 536887603 536881513 536872977 536878893 536876494 536886909 
30
536885640 536882846 536893094 536895074 536888996 536892074 536893095 536882993 536879615 536876677 536890260 536889395 536888289 536898920 536872850 536899463 536896575 536891523 536902622 536902404 536888543 536899733 536900625 536882803 536897213 536880571 536876706 536889852 536882862 536875397 
27
536894687 536886595 536880975 536871665 536883301 536903152 536874703 536886816 536895253 536883565 536876266 536882259 536898602 536901469 536878796 536875484 536899397 536877870 536892215 536878913 536881248 536881216 536899099 536888965 536875011 536873289 536900200 
24
536885178 536884984 536882720 536894067 536874694 536885720 536888496 536875886 536895251 536871800 536884096 536900146 536876650 536896201 536872137 536883941 536883176 536876999 536880295 536890626 536891823 536889947 536874095 536887641 
26
536897664 536885314 536873304 536878520 536883110 536877794 536873864 536879666 536896851 536871877 536885594 536890508 536871696 536882024 536885796 536900693 536893827 536893926 536889191 536901528 536899289 536894409 536878675 536901204 536878183 536885536 
28
536896043 536883088 536896210 536890927 536884830 536875497 536889905 536898321 536898553 536886427 536876754 536875335 536903243 536902409 536899229 536901354 536875929 536887475 536871968 536878364 536878612 536876634 536895272 536888902 536873223 536896102 536875923 536879524 
20
536875140 536894048 536891396 536891427 536894611 536887560 536880586 536900306 536888513 536896273 536890936 536900400 536897265 536895968 536884204 536896751 536890721 536874703 536892074 536888662 
24
536902527 536893020 536882742 536896582 536896624 536882007 536884512 536878647 536881614 536896480 536890069 536875879 536889998 536876783 536882942 536885037 536876474 536878131 536890397 536884561 536872457 536889685 536874948 536885616 
18
536876161 536875781 536888738 536889475 536887331 536880937 536894553 536887854 536900590 536877732 536871309 536891107 536897315 536889929 536893206 536879139 536870928 536892091 
24
536874963 536874199 536901156 536901926 536892304 536902000 536873513 536882145 536902210 536880881 536871453 536875744 536897524 536889357 536897908 536895765 536888291 536897243 536896123 536882669 536874196 536901593 536902983 536887415 
26
536878641 536902379 536876489 536902714 536872251 536891631 536880800 536900695 536900418 536871165 536883270 536899889 536902027 536877276 536872121 536890084 536896915 536899235 536880649 536882762 536893337 536898854 536883458 536898836 536879708 536872117 
26
536876058 536893478 536876038 536872782 536886256 536881417 536894831 536885017 536889274 536901225 536894552 536893828 536872513 536887227 536874737 536886869 536897862 536890507 536872992 536883232 536889110 536885188 536894910 536902067 536894046 536887340 
