16
30
536897725 536875238 536888271 536899541 536873138 536896964 536878145 536871325 536879420 536892603 536887004 536903566 536893802 536898672 536884291 536900106 536899874 536879613 536886965 536898982 536893625 536894009 536890942 536872587 536897217 536877115 536872239 536875805 536879138 536900889 
28
536871386 536888941 536888565 536894022 536888964 536879212 536874299 536876009 536879746 536883454 536883236 536897173 536890500 536891425 536899967 536896370 536886118 536894033 536885424 536878560 536877143 536898065 536884217 536891821 536878138 536891335 536887544 536885643 
27
536886220 536886897 536881601 536889863 536891076 536881998 536888096 536898119 536871979 536884964 536891961 536872876 536881969 536880760 536882893 536896575 536895944 536884226 536883077 536882776 536888827 536889904 536872419 536886463 536891777 536887726 536876665 
16
536875922 536871845 536879449 536872805 536886521 536884610 536891084 536890928 536883819 536891896 536900679 536877414 536877335 536892232 536880538 536896994 
29
536892096 536897131 536902152 536876165 536887681 536874979 536872105 536880840 536878726 536886951 536879910 536892978 536890850 536894730 536875737 536884683 536900937 536878465 536875440 536890320 536871378 536901975 536883739 536880649 536886011 536872865 536880681 536873047 536872686 
20
536888814 536897933 536888323 536870999 536892711 536883840 536894341 536895476 536890401 536900450 536900025 536884243 536881110 536871755 536893212 536889800 536872281 536886809 536878829 536883946 
20
536892538 536903403 536884936 536898961 536896071 536894560 536886040 536901335 536887060 536881758 536885552 536872086 536886533 536902985 536875897 536891620 536889827 536901525 536895264 536897159 
29
536900561 536901134 536886038 536881141 536874981 536896795 536884315 536885285 536903064 536873598 536878332 536872735 536886357 536901768 536890458 536880077 536879150 536899731 536872378 536899189 536889889 536873525 536892067 536877454 536901018 536894137 536894598 536882387 536887098 
30
536873381 536886935 536889559 536885378 536895789 536893272 536895172 536877931 536902309 536884118 536871506 536899876 536902796 536893413 536903062 536876032 536899134 536881986 536896621 536882681 536895768 536873891 536880830 536875498 536884444 536875218 536877055 536884479 536902487 536899962 
26
536894569 536887105 536886914 536873170 536892246 536883812 536897691 536895041 536886560 536872705 536888341 536875555 536893380 536901743 536903415 536885816 536887959 536889093 536886606 536902438 536878388 536881978 536891333 536884413 536875705 536871947 
21
536888191 536880435 536888477 536900096 536902496 536890710 536896804 536882394 536887242 536887922 536894211 536901351 536894692 536903330 536894517 536871242 536872468 536892231 536900075 536901755 536878531 
19
536878710 536879770 536881760 536874027 536877672 536885252 536878247 536883977 536898806 536881701 536890147 536891965 536896417 536890509 536889073 536892158 536882454 536876101 536899016 
29
536877906 536895843 536894774 536901721 536891657 536872668 536881964 536878227 536895049 536872090 536872893 536883905 536875099 536881102 536882211 536898758 536901866 536872328 536886019 536902977 536899686 536871813 536901106 536872709 536876971 536896327 536898615 536879306 536878302 
26
536872658 536887586 536889240 536890168 536876478 536880814 536875079 536900724 536887924 536875153 536889041 536881019 536873904 536894245 536874106 536878482 536882807 536892653 536880391 536886648 536879193 536895435 536896291 536897086 536903412 536883827 
18
536894553 536877241 536890912 536874566 536874230 536900339 536902790 536889375 536877965 536899844 536898055 536877237 536899001 536871154 536883241 536889546 536881479 536899875 
23
536893083 536893580 536892261 536903304 536875272 536881404 536875314 536882446 536899061 536901625 536876337 536897392 536879088 536879593 536882687 536893033 536882964 536889227 536874544 536896466 536877357 536903051 536874385 
