15
28
536888742 536897251 536874308 536886406 536888700 536882327 536895167 536873353 536878680 536892823 536899394 536887994 536873690 536887058 536887309 536893928 536876260 536898932 536878506 536878083 536903163 536896314 536898421 536895113 536872688 536893957 536889436 536879426 
30
536875501 536899812 536901677 536879287 536881943 536871532 536891834 536902107 536886666 536871862 536898873 536898953 536879934 536893091 536876435 536873305 536881270 536901438 536900664 536885320 536876624 536882172 536875096 536876310 536890267 536873795 536890966 536886252 536893416 536902184 
25
536895298 536890596 536873085 536900070 536880128 536885733 536890891 536887499 536873187 536872386 536882460 536888540 536894755 536877800 536878653 536882435 536873555 536877482 536897857 536897363 536884616 536872153 536899465 536891967 536902589 
20
536898435 536874505 536890742 536894306 536889713 536871549 536882596 536889727 536903020 536898782 536893385 536877683 536902312 536873505 536875356 536889576 536883193 536883545 536881775 536880316 
21
536900211 536899983 536872790 536893470 536874275 536878828 536879670 536890584 536892446 536902330 536878032 536894271 536891530 536888022 536899227 536885182 536885682 536875949 536886885 536890296 536876287 
25
536877033 536889035 536875556 536872462 536891043 536892758 536901528 536880821 536898787 536879160 536884041 536901334 536898081 536902107 536896399 536877755 536877968 536894578 536898654 536882899 536875765 536878462 536898753 536885076 536895418 
22
536881283 536884004 536897086 536896361 536885807 536892922 536887664 536880381 536879420 536882625 536896156 536894010 536871041 536885053 536896389 536888747 536879343 536880624 536886963 536901762 536874110 536896319 
29
536898269 536892776 536873169 536891308 536897865 536894870 536894008 536887528 536902532 536883799 536871379 536903604 536881288 536891480 536876274 536898096 536886212 536896465 536879932 536892539 536899501 536893692 536892750 536886472 536879477 536891595 536895141 536872373 536900122 
25
536889022 536881881 536901795 536882595 536890747 536880028 536897959 536887793 536899273 536897612 536893454 536878743 536889728 536890733 536900379 536899425 536898955 536881488 536896939 536898123 536892744 536901607 536885943 536883697 536874545 
22
536898336 536886343 536892605 536888271 536901804 536875402 536881025 536899352 536885835 536901494 536876443 536896622 536886688 536894650 536890448 536899599 536895932 536877225 536881140 536876561 536874797 536892210 
25
536893944 536883511 536881426 536872621 536880264 536892513 536895560 536871727 536886232 536874548 536887497 536875007 536871336 536875583 536896886 536902608 536898548 536877150 536877387 536890871 536898506 536901692 536876249 536894997 536884824 
22
536883190 536874743 536880201 536886467 536894387 536883386 536877906 536895730 536901774 536890931 536884743 536889778 536894697 536897934 536878580 536881719 536879035 536898612 536890345 536885467 536902534 536890867 
20
536883043 536894857 536885081 536876886 536879236 536900918 536879968 536894800 536888998 536893414 536888401 536889021 536883175 536874188 536883170 536891523 536898403 536876327 536876705 536873996 
18
536888508 536873622 536894290 536875699 536903300 536877348 536884025 536894088 536881570 536886321 536893474 536891362 536900247 536897159 536889533 536883583 536882361 536883065 
29
536889585 536897506 536895945 536891412 536875168 536874597 536900041 536879286 536902418 536878918 536878785 536873534 536887146 536893610 536888209 536902683 536891183 536897164 536877719 536890433 536893775 536897970 536901843 536876484 536903268 536898271 536888393 536896933 536877621 
